178555
178556
178558
178600
179123
179129
179130
179131
179132
179133
179136
179137
179140
179141
179142
179143
179213
179214
179315
179328
179358
179363
179371
179382
179384
179476
179633
179634
179635
179922
179976
179988
179989
179990
179991
180180
180181
180182
180183
180184
180185
180186
180192
180519
180520
180523
180526
180528
180533
180634
180635
180636
180638
180641
180643
180644
180645
180646
180647
180709
180710
180711
180712
180713
180714
180715
180716
180717
180910
182402
182495
182643
182660
182665
182680
186473
189062
189063
189066
189067
189068
189070
189149
189150
189151
189152
189153
189154
189157
189158
189160
189161
189162
189163
189165
189166
189203
189204
189329
189331
189333
189334
189468
189470
189472
189475
189488
189489
189491
189492
189493
189494
189495
189497
189500
189501
189502
189504
189505
189509
189510
189512
189513
189514
189515
189516
189517
189521
189524
189539
189540
189546
189547
189549
189551
189552
189553
189554
189556
189561
189562
189564
189565
189566
189567
189570
189571
189572
189578
189579
189581
189582
189583
189584
189585
189586
189587
189588
189589
189590
189591
189593
189596
189598
189602
189603
189605
189606
189630
189634
189635
189636
189638
189641
189642
189646
189649
189650
189651
189652
189653
189657
189677
189678
189679
189681
189687
189689
189700
189702
189715
189716
189717
189718
189719
189720
189721
189723
189724
189725
189726
189727
189729
189731
189732
189733
189734
189735
189736
189738
189741
189742
189745
189831
189833
189835
189836
189837
189838
189840
189842
189843
189871
189872
189874
189877
189878
189880
189882
189886
189891
189896
189898
189899
189936
189937
189938
189939
189940
189941
189944
189945
189946
189947
189948
189949
189950
189951
189952
189953
189954
189988
189990
189991
190004
190005
190007
190008
190012
190032
190034
190035
190044
190048
190049
190050
190051
190052
190053
190054
190055
190059
190060
190061
190062
190065
190069
190070
190076
190077
190078
190079
190080
190084
190086
190091
190092
190093
190094
190095
190098
190102
190104
190157
190158
190159
190160
190161
190163
190165
190166
190167
190168
190169
190171
190172
190173
190174
190175
190177
190178
190179
190182
190184
190185
190203
190204
190210
190212
190214
190215
190217
190219
190222
190224
190225
190226
190232
190233
190236
190237
190238
190239
190240
190252
190256
190257
190258
190259
190260
190262
190263
190265
190266
190272
190273
190275
190285
190291
190297
190298
190299
190300
190301
190304
190305
190307
190309
190310
190311
190324
190326
190328
190329
190332
190333
190335
190336
190337
190339
190342
190343
190362
190366
190367
190369
190370
190377
190380
190383
190384
190386
190387
190389
190393
190396
190398
190399
190402
190405
190406
190407
190412
190416
190417
190419
190420
190421
190422
190423
190424
190425
190426
190427
190429
190440
190441
190442
190443
190444
190445
190446
190448
190449
190451
190452
190455
190456
190459
190461
190465
190466
190467
190468
190469
190470
190471
190472
190481
190482
190483
190484
190485
190486
190487
190488
190489
190490
190492
190493
190494
190497
190498
190500
190501
190502
190506
190507
190508
190509
190510
190511
190513
190514
190515
190517
190522
190526
190527
190528
190530
190532
190533
190534
190537
190540
190541
190543
190544
190545
190552
190553
190554
190555
190556
190557
190559
190560
190561
190563
190564
190565
190566
190567
190568
190570
190624
190626
190627
190628
190630
190631
190633
190634
190635
190636
190637
190638
190639
190640
190641
190642
190643
190644
190645
190647
190648
190649
190650
190651
190652
190653
190656
190662
190666
190667
190669
190670
190671
190674
190676
190677
190678
190683
190684
190685
190686
190687
190695
190696
190700
190701
190703
190708
190711
190712
190714
190715
190716
190721
190723
190725
190726
190729
190730
190731
190733
190735
190736
190738
190739
190740
190741
190742
190744
190745
190761
190763
190764
190767
190770
190776
190781
190782
190783
190784
190785
190788
190789
190790
190791
190792
190797
190799
190800
190801
190804
190806
190813
190814
190817
190820
190821
190822
190826
190832
190833
190835
190836
190840
190841
190845
190848
190849
190850
190851
190856
190857
190859
190860
190861
190862
190863
190866
190868
190872
190873
190874
190875
190876
190884
190885
190886
190887
190888
190890
190891
190893
190894
190895
190896
190897
190898
190899
190901
190903
190904
190905
190906
190907
190910
190914
190915
190919
190920
190923
190929
190935
190936
190937
190938
190958
190959
190960
190961
190964
190967
190970
190972
190976
190977
190978
190979
190980
190982
190984
190985
190986
190992
190993
190994
190997
190999
191000
191001
191003
191005
191006
191008
191010
191011
191013
191014
191015
191017
191019
191021
191022
191023
191033
191035
191036
191037
191038
191040
191041
191042
191044
191045
191046
191047
191049
191543
191545
191548
191549
